Basin Length (ft),Basin Width (ft),Number of Baffles,PM Separation Efficiency (%),Cost($)
140,14,0,98.4,77528.23
140,14,1,99.9,77944.21
140,14,3,99.9,78776.17
140,14,5,99.9,79608.13
140,14,7,99.9,80440.09
140,14,9,99.9,81272.05
145,14.5,0,98.46,80868.65
145,14.5,1,99.9,81299.48
145,14.5,3,99.9,82161.14
145,14.5,5,99.9,83022.8
145,14.5,7,99.9,83884.46
145,14.5,9,99.9,84746.12
150,15,0,98.5,84387.24
150,15,1,99.9,84832.93
150,15,3,99.9,85724.31
150,15,5,99.9,86615.69
150,15,7,99.9,87507.07
150,15,9,99.9,88398.45
155,15.5,0,99.9,88660.42
155,15.5,1,99.9,89120.97
155,15.5,3,99.9,90042.07
155,15.5,5,99.9,90963.17
155,15.5,7,99.9,91884.27
155,15.5,9,99.9,92805.37
160,16,0,99.9,92306.4
160,16,1,99.9,92781.8
160,16,3,99.9,93732.6
160,16,5,99.9,94683.4
160,16,7,99.9,95634.2
160,16,9,99.9,96585
165,16.5,0,99.9,96015.92
165,16.5,1,99.9,96506.18
165,16.5,3,99.9,97486.7
165,16.5,5,99.9,98467.22
165,16.5,7,99.9,99447.74
165,16.5,9,99.9,100428.26
170,17,0,99.9,99788.98
170,17,1,99.9,100294.1
170,17,3,99.9,101304.34
170,17,5,99.9,102314.58
170,17,7,99.9,103324.82
170,17,9,99.9,104335.06
175,17.5,0,99.9,103395.74
175,17.5,1,99.9,103815.71
175,17.5,3,99.9,104655.65
175,17.5,5,99.9,105495.59
175,17.5,7,99.9,106335.53
175,17.5,9,99.9,107175.47
180,18,0,99.9,107410.81
180,18,1,99.9,107945.64
180,18,3,99.9,109015.3
180,18,5,99.9,110084.96
180,18,7,99.9,111154.62
180,18,9,99.9,112224.28
